name: cv
channels:
  - conda-forge
  - anaconda
  - defaults
dependencies:
  - _libgcc_mutex=0.1=main
  - blas=1.0=mkl
  - bzip2=1.0.8=h516909a_2
  - ca-certificates=2020.7.22=0
  - certifi=2020.6.20=py37_0
  - cloudpickle=1.6.0=py_0
  - cycler=0.10.0=py_2
  - cytoolz=0.10.1=py37h7b6447c_0
  - dask-core=2.25.0=py_0
  - decorator=4.4.2=py_0
  - ffmpeg=4.3=h167e202_0
  - freetype=2.10.2=he06d7ca_0
  - gmp=6.2.0=he1b5a44_2
  - gnutls=3.6.13=h79a8f9a_0
  - imageio=2.9.0=py_0
  - intel-openmp=2020.1=217
  - jpeg=9d=h516909a_0
  - kiwisolver=1.2.0=py37h99015e2_0
  - lame=3.100=h14c3975_1001
  - lcms2=2.11=hbd6801e_0
  - ld_impl_linux-64=2.33.1=h53a641e_7
  - libedit=3.1.20191231=h14c3975_1
  - libffi=3.3=he6710b0_2
  - libgcc-ng=9.1.0=hdf63c60_0
  - libgfortran-ng=7.3.0=hdf63c60_0
  - libiconv=1.15=h516909a_1006
  - libpng=1.6.37=hed695b0_1
  - libstdcxx-ng=9.1.0=hdf63c60_0
  - libtiff=4.1.0=hc7e4089_6
  - libwebp-base=1.1.0=h516909a_3
  - lz4-c=1.9.2=he1b5a44_1
  - matplotlib=3.3.0=1
  - matplotlib-base=3.3.0=py37hd478181_1
  - mkl=2019.4=243
  - mkl-service=2.3.0=py37he904b0f_0
  - mkl_fft=1.1.0=py37h23d657b_0
  - mkl_random=1.0.4=py37hd81dba3_0
  - ncurses=6.2=he6710b0_1
  - nettle=3.4.1=h1bed415_1002
  - networkx=2.5=py_0
  - numpy=1.18.5=py37ha1c710e_0
  - numpy-base=1.18.5=py37hde5b4d6_0
  - olefile=0.46=py_0
  - openh264=2.1.1=h8b12597_0
  - openssl=1.1.1g=h7b6447c_0
  - pillow=7.2.0=py37h718be6c_1
  - pip=20.1.1=py37_1
  - pyopengl=3.1.1a1=py37_0
  - pyparsing=2.4.7=pyh9f0ad1d_0
  - python=3.7.7=hcff3b4d_5
  - python-dateutil=2.8.1=py_0
  - python_abi=3.7=1_cp37m
  - pywavelets=1.1.1=py37h7b6447c_0
  - pyyaml=5.3.1=py37h7b6447c_1
  - readline=8.0=h7b6447c_0
  - scikit-image=0.16.2=py37h0573a6f_0
  - scipy=1.5.0=py37h0b6359f_0
  - setuptools=49.2.0=py37_0
  - six=1.15.0=py_0
  - sqlite=3.32.3=h62c20be_0
  - tk=8.6.10=hbc83047_0
  - toolz=0.10.0=py_0
  - tornado=6.0.4=py37h8f50634_1
  - wheel=0.34.2=py37_0
  - x264=1!152.20180806=h14c3975_0
  - xz=5.2.5=h7b6447c_0
  - yaml=0.2.5=h7b6447c_0
  - zlib=1.2.11=h7b6447c_3
  - zstd=1.4.5=h6597ccf_2
  - pip:
    - opencv-contrib-python==4.3.0.38

